  MEAD                 NE   Lat.(deg)= 41.15  Long.(deg)= 96.48  Elev.(m)= 366.
      a255369      T-High    T-Low     Rel Hum   Soil Tmp  Wind Sp.  SolarRad  Precip    ET-NE   
     date/time     C         C         %         C@10cm    m/s       MJ/m**2   mm        mm      
  5  1 2015 2400   22.933    10.712    53.538    15.273     2.839     8.699     0.000     4.381 
  5  2 2015 2400   27.594    10.702    69.315    16.576     4.495    18.957    10.922     6.793 
  5  3 2015 2400   28.544    14.503    68.605    17.329     3.831    13.629    19.820     5.536 
  5  4 2015 2400   16.673    12.482    87.045    15.240     3.431     3.164     4.064     1.196 
  5  5 2015 2400   24.373    13.592    81.868    16.571     3.210    13.005     1.016     3.567 
  5  6 2015 2400   21.083    15.043    89.284    16.967     6.083     6.054    50.796     2.015 
  5  7 2015 2400   23.953    13.052    80.995    18.363     4.700    18.295    25.658     5.003 
  5  8 2015 2400   15.313    10.232    81.538    16.075     3.616     6.847     0.000     2.058 
  5  9 2015 2400   19.773     9.032    77.394    16.306     3.625    13.124     0.000     3.629 
  5 10 2015 2400   21.683     7.609    84.465    17.433     4.967     8.813     7.112     3.297 
  5 11 2015 2400   10.602     4.561    69.415    12.942     3.906     7.407     0.000     2.603 
  5 12 2015 2400   20.903     3.173    55.770    13.989     2.335    24.631     0.000     5.839 
  5 13 2015 2400   22.653     8.222    60.435    16.430     5.134    21.570     8.890     7.489 
  5 14 2015 2400   20.303    11.652    92.285    16.400     3.129     6.958    10.668     1.601 
  5 15 2015 2400   20.993    11.752    92.936    15.728     3.268     6.314     9.906     1.531 
  5 16 2015 2400   26.554    15.643    81.461    18.640     5.120    13.810     2.032     4.713 
  5 17 2015 2400   25.603    12.642    71.177    19.380     4.490    20.544     0.000     6.441 
  5 18 2015 2400   16.883     7.174    61.030    17.679     4.847    24.454     0.000     6.546 
  5 19 2015 2400   10.972     2.903    72.797    14.874     3.511    10.489     2.286     2.672 
  5 20 2015 2400   10.772     5.103    88.292    13.693     3.251     5.805     1.016     1.233 
  5 21 2015 2400   22.173     2.409    54.680    15.144     2.067    26.197     0.000     6.102 
  5 22 2015 2400   18.533     5.603    67.233    15.258     1.841     8.926     0.000     2.691 
  5 23 2015 2400   17.023    12.252    89.727    15.440     2.654     3.578     0.254     0.981 
  5 24 2015 2400   20.813    14.873    92.269    16.915     2.265     6.056     1.778     1.302 
  5 25 2015 2400   27.094    14.473    73.678    19.508     3.476    18.926     0.000     5.608 
  5 26 2015 2400   20.723    13.462    85.640    18.745     2.213     9.608     2.286     2.208 
  5 27 2015 2400   28.914     9.162    54.097    19.376     1.876    23.901     0.000     6.661 
  5 28 2015 2400   23.193    14.673    83.395    19.293     3.331    10.031     1.270     2.908 
  5 29 2015 2400   26.514    11.502    79.239    20.381     4.622    15.428     1.016     5.213 
  5 30 2015 2400   21.743     9.262    61.167    18.860     5.402    17.866     0.000     6.728 
  5 31 2015 2400   20.213     5.902    68.657    18.382     2.129    17.667     0.000     4.151 
  6  1 2015 2400   24.593    11.552    64.673    20.857     3.726    25.353     0.000     7.078 
  6  2 2015 2400   23.993    13.252    82.395    20.328     5.119    14.392     7.874     4.439 
  6  3 2015 2400   28.584    16.613    80.300    20.993     2.542    17.888     6.604     4.678 
  6  4 2015 2400   23.963    17.663    92.127    20.366     2.268     5.193     6.350     1.286 
  6  5 2015 2400   28.674    15.253    76.477    21.816     1.500    22.111     0.254     5.100 
  6  6 2015 2400   29.364    18.933    82.035    22.651     4.475    15.111     1.524     4.921 
  6  7 2015 2400   29.294    16.653    69.498    23.656     3.427    23.301     3.302     6.936 
  6  8 2015 2400   31.974    15.423    51.002    23.097     2.346    26.374     0.000     8.133 
  6  9 2015 2400   35.524    15.483    45.584    24.620     2.768    26.296     0.000     9.607 
  6 10 2015 2400   34.384    17.613    65.741    26.301     3.092    23.412    21.338     7.840 
  6 11 2015 2400   20.383    16.613    97.423    22.154     4.179     2.011    26.920     0.414 
  6 12 2015 2400   20.013    15.773    90.434    20.579     2.707     6.662     0.000     1.528 
  6 13 2015 2400   26.043    15.043    82.944    21.651     1.890    16.458     0.000     3.760 
  6 14 2015 2400   28.624    16.313    85.197    22.906     1.889    14.808    10.918     3.601 
  6 15 2015 2400   25.033    14.543    87.929    22.711     3.427    14.080    24.130     3.457 
  6 16 2015 2400   26.744    11.782    68.575    22.385     2.457    26.771     0.000     6.538 
  6 17 2015 2400   30.654    18.103    70.523    24.317     2.023    24.045     0.000     6.248 
  6 18 2015 2400   23.863    15.383    84.707    22.865     2.575    12.576    11.430     3.046 
  6 19 2015 2400   28.694    13.022    68.989    22.975     2.742    26.530     0.000     6.965 
  6 20 2015 2400   32.174    18.393    70.718    24.251     3.333    19.921     0.000     6.597 
  6 21 2015 2400   30.504    16.013    80.078    25.003     2.896    19.832     0.000     5.448 
  6 22 2015 2400   33.754    18.823    62.378    26.519     4.929    21.571     0.000     9.214 
  6 23 2015 2400   26.484    13.562    66.695    24.267     2.070    17.852     0.000     4.894 
  6 24 2015 2400   31.104    17.593    85.935    24.413     3.722    18.625    20.572     5.186 
  6 25 2015 2400   28.154    19.203    84.139    25.076     3.071    16.538     0.000     4.284 
  6 26 2015 2400   29.024    17.153    72.675    24.849     3.153    21.546     0.000     6.133 
  6 27 2015 2400   30.504    14.103    65.756    24.450     1.322    25.055     0.000     6.020 
  6 28 2015 2400   30.904    17.563    57.177    25.074     3.750    23.751     0.000     8.410 
  6 29 2015 2400   30.844    16.493    66.720    24.903     2.052    21.760     0.000     6.018 
  6 30 2015 2400   25.843    15.753    84.994    23.397     1.629     7.879     2.540     2.073 
  7  1 2015 2400   29.504    19.923    81.445    24.480     2.998    23.082     2.286     5.750 
  7  2 2015 2400   22.103    17.043    90.293    22.267     2.449     7.154    27.182     1.649 
  7  3 2015 2400   26.023    15.583    73.746    22.964     1.512    25.347     0.000     5.398 
  7  4 2015 2400   27.994    13.212    74.810    23.178     2.390    24.228     0.000     5.884 
  7  5 2015 2400   32.594    19.193    75.895    24.026     4.240    17.135     2.032     6.243 
  7  6 2015 2400   29.134    17.213    83.902    23.476     3.812     4.483     5.080     2.607 
  7  7 2015 2400   22.363    11.632    66.805    21.534     3.078    27.512     0.000     6.436 
  7  8 2015 2400   24.193    10.402    73.177    22.441     1.347    22.391     0.000     4.622 
  7  9 2015 2400   27.504    12.422    73.644    24.255     1.375    20.866     0.000     4.751 
  7 10 2015 2400   25.873    14.773    84.015    23.897     3.040    15.309     0.000     3.883 
  7 11 2015 2400   32.604    20.613    77.693    27.005     2.684    23.623     0.000     6.399 
  7 12 2015 2400   34.274    22.293    77.170    29.240     2.419    24.496     0.000     6.687 
  7 13 2015 2400   33.824    20.823    69.289    30.141     1.877    23.954     0.000     6.587 
  7 14 2015 2400   33.514    19.043    69.115    29.750     1.697    22.145     0.000     6.084 
  7 15 2015 2400   27.024    22.353    88.142    27.002     2.508     8.761     2.540     2.340 
  7 16 2015 2400   31.604    20.583    83.187    26.891     2.433    21.001     6.350     5.316 
  7 17 2015 2400   34.764    18.333    74.589    28.368     2.969    23.969     0.000     7.228 
  7 18 2015 2400   31.094    19.573    75.226    28.672     2.113    22.252     3.048     5.778 
  7 19 2015 2400   28.914    20.653    78.091    28.494     2.145    20.490     0.000     5.093 
  7 20 2015 2400   29.424    16.133    75.919    28.953     2.689    21.524     0.000     5.726 
  7 21 2015 2400   26.774    13.762    73.372    27.254     1.461    20.813     0.254     4.727 
  7 22 2015 2400   27.214    14.403    76.827    26.733     1.959    18.747     0.000     4.556 
  7 23 2015 2400   30.534    16.963    80.441    27.736     2.948    21.741     0.000     5.751 
  7 24 2015 2400   35.344    21.883    75.134    29.878     2.599    22.003     0.000     6.586 
  7 25 2015 2400   27.224    19.873    84.405    27.167     2.604    11.256     1.778     3.077 
  7 26 2015 2400   31.734    20.213    86.849    27.595     2.109    21.038    10.672     4.997 
  7 27 2015 2400   30.804    23.603    84.662    28.313     3.166    15.058     0.000     4.253 
  7 28 2015 2400   30.734    17.293    85.133    26.923     3.219    12.614    12.950     3.913 
  7 29 2015 2400   28.694    14.373    72.524    24.950     1.443    18.827     0.000     4.618 
  7 30 2015 2400   31.074    12.932    70.206    25.961     1.380    23.765     0.000     5.771 
  7 31 2015 2400   32.984    17.223    81.104    27.460     1.852    17.100     0.000     4.631 
  8  1 2015 2400   28.564    15.593    82.864    25.575     1.546    11.703     0.000     3.013 
  8  2 2015 2400   33.914    18.773    75.254    27.745     2.585    21.175     0.000     6.231 
  8  3 2015 2400   27.584    18.173    78.668    27.131     1.998    16.586     0.254     4.133 
  8  4 2015 2400   26.824    17.593    90.016    24.773     2.656    11.967    35.050     2.831 
  8  5 2015 2400   26.454    18.813    90.492    24.463     1.584    10.720     0.254     2.312 
  8  6 2015 2400   26.243    16.363    92.875    23.610     2.126    10.885     0.000     2.336 
  8  7 2015 2400   31.834    16.883    78.411    25.665     1.294    20.937     0.000     4.980 
  8  8 2015 2400   28.684    19.573    81.720    26.685     2.263    18.889     5.588     4.582 
  8  9 2015 2400   29.914    21.663    89.941    27.324     1.654    15.545    17.018     3.470 
  8 10 2015 2400   26.814    16.403    84.219    26.593     2.684    20.204     0.000     4.608 
  8 11 2015 2400   28.984    14.613    77.467    26.119     1.185    21.612     0.000     4.739 
  8 12 2015 2400   28.844    14.913    78.660    26.919     1.765    21.801     0.000     5.009 
  8 13 2015 2400   29.594    15.893    77.517    27.253     2.406    20.407     0.000     5.249 
  8 14 2015 2400   29.824    18.303    78.541    28.092     2.182    20.652     0.000     5.128 
  8 15 2015 2400   29.224    16.063    78.395    27.822     2.587    21.366     0.000     5.393 
  8 16 2015 2400   30.194    18.513    77.660    27.123     2.640    15.023     3.810     4.459 
  8 17 2015 2400   23.233    19.043    96.948    24.551     1.818     3.813    27.940     0.670 
  8 18 2015 2400   22.113    12.262    88.259    22.590     3.002     8.183    21.586     2.107 
  8 19 2015 2400   22.713    11.012    71.984    20.751     3.382    19.666     0.000     5.083 
  8 20 2015 2400   26.854     9.702    75.309    21.979     1.971    20.710     0.000     4.864 
  8 21 2015 2400   27.124    13.793    74.703    23.371     3.741    19.662     0.000     5.681 
  8 22 2015 2400   29.404    15.413    83.063    24.652     3.648    13.219     3.302     4.210 
  8 23 2015 2400   21.913     9.032    63.787    22.377     2.664    22.048     0.000     5.343 
  8 24 2015 2400   24.693     5.905    73.887    21.814     1.460    21.428     0.000     4.467 
  8 25 2015 2400   24.993     8.892    76.568    22.666     1.316    19.662     0.000     4.044 
  8 26 2015 2400   25.473    10.912    82.344    22.851     2.356    17.479     0.000     3.996 
  8 27 2015 2400   26.824    17.863    82.950    23.136     3.942    14.637    22.352     4.119 
  8 28 2015 2400   24.843    16.853    89.652    22.693     3.458     6.577     7.620     1.931 
  8 29 2015 2400   22.043    14.473    92.327    21.396     2.211     9.743     0.000     1.871 
  8 30 2015 2400   23.863    15.823    93.328    21.374     2.425    10.172     0.000     2.015 
  8 31 2015 2400   28.654    15.213    85.535    22.909     2.023    18.314     0.000     4.091 
  9  1 2015 2400   30.534    19.223    79.135    24.260     2.416    16.241     0.000     4.418 
  9  2 2015 2400   30.634    20.183    78.789    25.513     2.963    18.101     0.000     5.024 
  9  3 2015 2400   32.174    19.743    76.348    26.308     2.536    18.191     0.000     5.169 
  9  4 2015 2400   31.274    21.123    77.729    26.220     2.912    14.003     0.762     4.410 
  9  5 2015 2400   31.544    21.933    76.687    26.413     3.499    15.798     0.000     5.127 
  9  6 2015 2400   34.714    21.693    76.738    27.016     2.895    15.301    15.140E    5.119 
  9  7 2015 2400   26.584    19.973    92.023    25.206     2.178     5.151    14.623E    1.307 
  9  8 2015 2400   24.773    16.233    86.259    24.246     2.326    12.855    10.003E    2.837 
  9  9 2015 2400   26.183    12.932    85.913    23.388     1.915    15.565     8.128     3.305 
  9 10 2015 2400   27.104    13.632    80.516    23.412     1.973    14.789     0.000     3.539 
  9 11 2015 2400   19.673     8.322    77.030    21.284     2.645    18.884     0.000     3.813 
  9 12 2015 2400   20.763     5.433    74.687    19.944     1.381    18.182     0.000     3.378 
  9 13 2015 2400   25.233     9.202    75.842    20.597     2.834    17.820     0.000     4.507 
  9 14 2015 2400   27.954    14.643    74.477    21.869     3.446    15.381     0.000     4.795 
  9 15 2015 2400   30.614    18.413    62.612    22.932     4.846    16.123     0.000     7.229 
  9 16 2015 2400   30.434    18.073    77.657    23.914     4.159    14.852     0.000     5.079 
  9 17 2015 2400   29.734    15.963    73.346    24.814     3.332    13.123     0.000     4.661 
  9 18 2015 2400   19.073    10.482    85.277    20.753     3.014     7.065     2.286     1.842 
  9 19 2015 2400   20.193     6.806    78.029    19.710     1.796    17.801     0.000     3.273 
  9 20 2015 2400   24.373     8.662    72.281    20.385     2.918    16.502     0.000     4.403 
  9 21 2015 2400   26.263    13.602    86.512    20.557     2.947     9.265     0.000     2.597 
  9 22 2015 2400   28.924    15.963    84.552    21.861     2.905    11.881     0.000     3.312 
  9 23 2015 2400   22.733    17.663    94.964    21.194     3.161     3.289    50.038     0.761 
  9 24 2015 2400   22.613    17.833    91.554    20.481     3.029     3.257    18.034     0.974 
  9 25 2015 2400   25.743    14.513    81.276    20.859     2.752     9.422     1.016     2.774 
  9 26 2015 2400   26.514     9.532    74.817    19.900     1.505    15.626     0.000     3.521 
  9 27 2015 2400   28.184    11.322    67.588    19.712     2.450    15.700     0.000     4.638 
  9 28 2015 2400   30.634    14.543    68.965    21.251     2.417    13.723     0.000     4.498 
  9 29 2015 2400   21.613     7.983    68.832    19.932     3.335    14.884     7.874     4.172 
  9 30 2015 2400   20.243     5.736    63.976    17.417     1.984    15.236     0.000     3.499 